acc = 0.4864406779661017
eval_loss = 0.6984913929088695
f1 = 0.6545039908779932
fn = 0
fp = 303
mcc = 0.0
tn = 0
tp = 287
