acc = 0.4915254237288136
eval_loss = 0.7120267011829324
f1 = 0.30875576036866353
fn = 234
fp = 66
mcc = -0.006917543444902341
tn = 223
tp = 67
