acc = 0.5214408233276158
eval_loss = 0.692628119089832
f1 = 0.04778156996587031
fn = 273
fp = 6
mcc = 0.017588514274061412
tn = 297
tp = 7
